contradiction	Martha's dictionary is black in colour.	Martha does not have a dictionary.
contradiction	Kathryn's file is green in colour.	Kathryn does not have a file.
contradiction	Julie's clip is purple in colour.	Julie does not have a clip.
contradiction	Bill's diary is magenta in colour.	Bill does not have a diary.
contradiction	Jessica's coin is blue in colour.	Jessica does not have a coin.
contradiction	Colin's cigarette is yellow in colour.	Colin does not have a cigarette.
contradiction	Rose's purse is grey in colour.	Rose does not have a purse.
contradiction	Benjamin's toothbrush is blue in colour.	Benjamin does not have a toothbrush.
contradiction	Alfred's camera is maroon in colour.	Alfred does not have a camera.
contradiction	Donna's stamp is maroon in colour.	Donna does not have a stamp.
contradiction	Harold's car is black in colour.	Harold does not have a car.
contradiction	Billy's dictionary is pink in colour.	Billy does not have a dictionary.
contradiction	Emma's tissue is brown in colour.	Emma does not have a tissue.
contradiction	David's banknote is purple in colour.	David does not have a banknote.
contradiction	Victoria's tissue is grey in colour.	Victoria does not have a tissue.
contradiction	Sally's umbrella is grey in colour.	Sally does not have an umbrella.
contradiction	Anna's credit card is red in colour.	Anna does not have a credit card.
contradiction	Jay's bottle is purple in colour.	Jay does not have a bottle.
contradiction	Rose's car is maroon in colour.	Rose does not have a car.
contradiction	Bobby's purse is yellow in colour.	Bobby does not have a purse.
contradiction	Richard's mobile phone is grey in colour.	Richard does not have a mobile phone.
contradiction	Suzanne's pencil is magenta in colour.	Suzanne does not have a pencil.
contradiction	Caroline's car is yellow in colour.	Caroline does not have a car.
contradiction	Jimmy's dictionary is pink in colour.	Jimmy does not have a dictionary.
contradiction	Ray's banknote is white in colour.	Ray does not have a banknote.
contradiction	Charlotte's light bulb is magenta in colour.	Charlotte does not have a light bulb.
contradiction	Alan's umbrella is magenta in colour.	Alan does not have an umbrella.
contradiction	Bobby's lipstick is blue in colour.	Bobby does not have a lipstick.
contradiction	Arthur's battery is green in colour.	Arthur does not have a battery.
contradiction	Ed's tissue is maroon in colour.	Ed does not have a tissue.
contradiction	Anthony's cigarette is magenta in colour.	Anthony does not have a cigarette.
contradiction	Matt's light bulb is maroon in colour.	Matt does not have a light bulb.
contradiction	Frederick's battery is pink in colour.	Frederick does not have a battery.
contradiction	Thomas's banknote is purple in colour.	Thomas does not have a banknote.
contradiction	Anne's light bulb is grey in colour.	Anne does not have a light bulb.
contradiction	Peter's dictionary is black in colour.	Peter does not have a dictionary.
contradiction	Tony's mobile phone is white in colour.	Tony does not have a mobile phone.
contradiction	Alexandra's headphone is yellow in colour.	Alexandra does not have a headphone.
contradiction	Henry's car is maroon in colour.	Henry does not have a car.
contradiction	Louis's coin is pink in colour.	Louis does not have a coin.
contradiction	Howard's button is white in colour.	Howard does not have a button.
contradiction	Anthony's camera is crimson in colour.	Anthony does not have a camera.
contradiction	Tony's glass is green in colour.	Tony does not have a glass.
contradiction	Claire's case is pink in colour.	Claire does not have a case.
contradiction	Julia's notebook is black in colour.	Julia does not have a notebook.
contradiction	Ryan's camera is maroon in colour.	Ryan does not have a camera.
contradiction	Edwin's glass is brown in colour.	Edwin does not have a glass.
contradiction	Laura's toothbrush is green in colour.	Laura does not have a toothbrush.
contradiction	Edith's camera is blue in colour.	Edith does not have a camera.
contradiction	Nick's bottle is magenta in colour.	Nick does not have a bottle.
contradiction	Carol's wallet is black in colour.	Carol does not have a wallet.
contradiction	Eleanor's umbrella is maroon in colour.	Eleanor does not have an umbrella.
contradiction	Emma's postcard is purple in colour.	Emma does not have a postcard.
contradiction	Gary's light bulb is grey in colour.	Gary does not have a light bulb.
contradiction	Walter's match is pink in colour.	Walter does not have a match.
contradiction	Heather's dictionary is white in colour.	Heather does not have a dictionary.
contradiction	Laura's player is green in colour.	Laura does not have a player.
contradiction	Sharon's file is yellow in colour.	Sharon does not have a file.
contradiction	Frank's rubber is white in colour.	Frank does not have a rubber.
contradiction	Bobby's headphone is yellow in colour.	Bobby does not have a headphone.
contradiction	Bruce's magazine is blue in colour.	Bruce does not have a magazine.
contradiction	Hugh's cigarette is blue in colour.	Hugh does not have a cigarette.
contradiction	Lynn's identity card is blue in colour.	Lynn does not have an identity card.
contradiction	Betty's toothbrush is crimson in colour.	Betty does not have a toothbrush.
contradiction	Wendy's laptop is white in colour.	Wendy does not have a laptop.
contradiction	Amanda's car is pink in colour.	Amanda does not have a car.
contradiction	Ray's laptop is brown in colour.	Ray does not have a laptop.
contradiction	Charles's newspaper is black in colour.	Charles does not have a newspaper.
contradiction	Carl's light bulb is maroon in colour.	Carl does not have a light bulb.
contradiction	Amy's identity card is white in colour.	Amy does not have an identity card.
contradiction	Bobby's purse is green in colour.	Bobby does not have a purse.
contradiction	Ann's scissor is crimson in colour.	Ann does not have a scissor.
contradiction	Jack's laptop is red in colour.	Jack does not have a laptop.
contradiction	Marie's lipstick is maroon in colour.	Marie does not have a lipstick.
contradiction	Harry's light bulb is crimson in colour.	Harry does not have a light bulb.
contradiction	Angela's match is crimson in colour.	Angela does not have a match.
contradiction	Bob's cigarette is black in colour.	Bob does not have a cigarette.
contradiction	Rose's glass is brown in colour.	Rose does not have a glass.
contradiction	Suzanne's diary is white in colour.	Suzanne does not have a diary.
contradiction	Matt's glass is pink in colour.	Matt does not have a glass.
contradiction	Michelle's mirror is crimson in colour.	Michelle does not have a mirror.
contradiction	Jonathan's cigarette is crimson in colour.	Jonathan does not have a cigarette.
contradiction	Dick's mirror is magenta in colour.	Dick does not have a mirror.
contradiction	Carol's player is white in colour.	Carol does not have a player.
contradiction	Bobby's car is green in colour.	Bobby does not have a car.
contradiction	Sue's dictionary is yellow in colour.	Sue does not have a dictionary.
contradiction	Barbara's bottle is blue in colour.	Barbara does not have a bottle.
contradiction	George's notebook is brown in colour.	George does not have a notebook.
contradiction	David's diary is maroon in colour.	David does not have a diary.
contradiction	Annie's file is blue in colour.	Annie does not have a file.
contradiction	Joseph's clip is maroon in colour.	Joseph does not have a clip.
contradiction	Leslie's pencil is magenta in colour.	Leslie does not have a pencil.
contradiction	Donald's magazine is grey in colour.	Donald does not have a magazine.
contradiction	Margaret's case is yellow in colour.	Margaret does not have a case.
contradiction	Al's laptop is purple in colour.	Al does not have a laptop.
contradiction	Philip's lighter is white in colour.	Philip does not have a lighter.
contradiction	Caroline's lighter is white in colour.	Caroline does not have a lighter.
contradiction	Kathleen's match is purple in colour.	Kathleen does not have a match.
contradiction	Robert's brush is purple in colour.	Robert does not have a brush.
contradiction	Jill's toothbrush is black in colour.	Jill does not have a toothbrush.
contradiction	Louis's photo is pink in colour.	Louis does not have a photo.
contradiction	Leslie's diary is yellow in colour.	Leslie does not have a diary.
contradiction	Dave's mobile phone is grey in colour.	Dave does not have a mobile phone.
contradiction	Joan's match is crimson in colour.	Joan does not have a match.
contradiction	Jay's magazine is magenta in colour.	Jay does not have a magazine.
contradiction	Dave's mobile phone is magenta in colour.	Dave does not have a mobile phone.
contradiction	Matt's light bulb is purple in colour.	Matt does not have a light bulb.
contradiction	George's scissor is yellow in colour.	George does not have a scissor.
contradiction	Robert's dictionary is black in colour.	Robert does not have a dictionary.
contradiction	Alexander's light bulb is maroon in colour.	Alexander does not have a light bulb.
contradiction	William's lighter is red in colour.	William does not have a lighter.
contradiction	Sara's rubber is white in colour.	Sara does not have a rubber.
contradiction	Peter's camera is blue in colour.	Peter does not have a camera.
contradiction	Dan's identity card is magenta in colour.	Dan does not have an identity card.
contradiction	Lawrence's lighter is red in colour.	Lawrence does not have a lighter.
contradiction	Harold's banknote is crimson in colour.	Harold does not have a banknote.
contradiction	Dave's coin is green in colour.	Dave does not have a coin.
contradiction	Martin's credit card is yellow in colour.	Martin does not have a credit card.
contradiction	Frank's camera is yellow in colour.	Frank does not have a camera.
contradiction	Ben's clip is crimson in colour.	Ben does not have a clip.
contradiction	Florence's case is red in colour.	Florence does not have a case.
contradiction	Katie's bottle is brown in colour.	Katie does not have a bottle.
contradiction	Jason's banknote is crimson in colour.	Jason does not have a banknote.
contradiction	Kim's clip is purple in colour.	Kim does not have a clip.
contradiction	Howard's watch is grey in colour.	Howard does not have a watch.
contradiction	Robin's banknote is magenta in colour.	Robin does not have a banknote.
contradiction	Ken's light bulb is black in colour.	Ken does not have a light bulb.
contradiction	Louise's light bulb is red in colour.	Louise does not have a light bulb.
contradiction	Keith's banknote is red in colour.	Keith does not have a banknote.
contradiction	Paul's bottle is crimson in colour.	Paul does not have a bottle.
contradiction	Jack's lighter is blue in colour.	Jack does not have a lighter.
contradiction	Ian's comb is crimson in colour.	Ian does not have a comb.
contradiction	Wendy's umbrella is purple in colour.	Wendy does not have an umbrella.
contradiction	Sophie's watch is blue in colour.	Sophie does not have a watch.
contradiction	Gary's magazine is blue in colour.	Gary does not have a magazine.
contradiction	Walter's battery is yellow in colour.	Walter does not have a battery.
contradiction	Victoria's bottle is purple in colour.	Victoria does not have a bottle.
contradiction	Virginia's pen is green in colour.	Virginia does not have a pen.
contradiction	Nicole's bottle is purple in colour.	Nicole does not have a bottle.
contradiction	Adam's identity card is crimson in colour.	Adam does not have an identity card.
contradiction	Angela's notebook is purple in colour.	Angela does not have a notebook.
contradiction	Paul's wallet is white in colour.	Paul does not have a wallet.
contradiction	Ruth's lighter is pink in colour.	Ruth does not have a lighter.
contradiction	Louis's stamp is green in colour.	Louis does not have a stamp.
contradiction	Elaine's scissor is purple in colour.	Elaine does not have a scissor.
contradiction	Elaine's brush is blue in colour.	Elaine does not have a brush.
contradiction	Laura's brush is green in colour.	Laura does not have a brush.
contradiction	Christine's notebook is maroon in colour.	Christine does not have a notebook.
contradiction	Mary's purse is green in colour.	Mary does not have a purse.
contradiction	Julie's cigarette is white in colour.	Julie does not have a cigarette.
contradiction	Ian's player is green in colour.	Ian does not have a player.
contradiction	Evelyn's comb is red in colour.	Evelyn does not have a comb.
contradiction	Sam's credit card is green in colour.	Sam does not have a credit card.
contradiction	Christopher's bottle is black in colour.	Christopher does not have a bottle.
contradiction	Robin's magazine is brown in colour.	Robin does not have a magazine.
contradiction	Annie's lighter is white in colour.	Annie does not have a lighter.
contradiction	Lisa's dictionary is pink in colour.	Lisa does not have a dictionary.
contradiction	Hugh's battery is pink in colour.	Hugh does not have a battery.
contradiction	John's coin is brown in colour.	John does not have a coin.
contradiction	Nancy's button is yellow in colour.	Nancy does not have a button.
contradiction	Adam's light bulb is crimson in colour.	Adam does not have a light bulb.
contradiction	Albert's purse is white in colour.	Albert does not have a purse.
contradiction	Martha's pen is purple in colour.	Martha does not have a pen.
contradiction	Harold's match is brown in colour.	Harold does not have a match.
contradiction	Keith's newspaper is crimson in colour.	Keith does not have a newspaper.
contradiction	Peter's magazine is white in colour.	Peter does not have a magazine.
contradiction	Margaret's pen is brown in colour.	Margaret does not have a pen.
contradiction	Richard's wallet is maroon in colour.	Richard does not have a wallet.
contradiction	Janet's alarm clock is blue in colour.	Janet does not have an alarm clock.
contradiction	Emma's stamp is maroon in colour.	Emma does not have a stamp.
contradiction	Melissa's comb is brown in colour.	Melissa does not have a comb.
contradiction	Evelyn's clip is red in colour.	Evelyn does not have a clip.
contradiction	Alice's comb is black in colour.	Alice does not have a comb.
contradiction	Donald's umbrella is grey in colour.	Donald does not have an umbrella.
contradiction	Nicole's scissor is pink in colour.	Nicole does not have a scissor.
contradiction	Frances's file is grey in colour.	Frances does not have a file.
contradiction	Alexandra's watch is grey in colour.	Alexandra does not have a watch.
contradiction	Benjamin's identity card is magenta in colour.	Benjamin does not have an identity card.
contradiction	Tony's headphone is blue in colour.	Tony does not have a headphone.
contradiction	Charles's pen is green in colour.	Charles does not have a pen.
contradiction	Philip's clip is yellow in colour.	Philip does not have a clip.
contradiction	Stephanie's alarm clock is yellow in colour.	Stephanie does not have an alarm clock.
contradiction	Maria's case is yellow in colour.	Maria does not have a case.
contradiction	Ann's clip is crimson in colour.	Ann does not have a clip.
contradiction	Scott's player is white in colour.	Scott does not have a player.
contradiction	Kelly's pen is white in colour.	Kelly does not have a pen.
contradiction	Alex's match is brown in colour.	Alex does not have a match.
contradiction	Steve's tissue is grey in colour.	Steve does not have a tissue.
contradiction	Tim's rubber is pink in colour.	Tim does not have a rubber.
contradiction	Wendy's headphone is blue in colour.	Wendy does not have a headphone.
contradiction	Chris's stamp is maroon in colour.	Chris does not have a stamp.
contradiction	Hugh's magazine is green in colour.	Hugh does not have a magazine.
contradiction	Katherine's alarm clock is crimson in colour.	Katherine does not have an alarm clock.
contradiction	Sharon's lighter is red in colour.	Sharon does not have a lighter.
contradiction	Larry's comb is purple in colour.	Larry does not have a comb.
contradiction	Keith's mirror is magenta in colour.	Keith does not have a mirror.
contradiction	Alice's diary is purple in colour.	Alice does not have a diary.
contradiction	Bruce's match is pink in colour.	Bruce does not have a match.
contradiction	Deborah's file is yellow in colour.	Deborah does not have a file.
contradiction	Martin's magazine is yellow in colour.	Martin does not have a magazine.
contradiction	Adam's match is grey in colour.	Adam does not have a match.
contradiction	Florence's glass is black in colour.	Florence does not have a glass.
contradiction	Ed's purse is crimson in colour.	Ed does not have a purse.
contradiction	Carolyn's pencil is white in colour.	Carolyn does not have a pencil.
contradiction	Billy's photo is blue in colour.	Billy does not have a photo.
contradiction	Eleanor's mobile phone is pink in colour.	Eleanor does not have a mobile phone.
contradiction	Richard's credit card is crimson in colour.	Richard does not have a credit card.
contradiction	Kathy's lighter is black in colour.	Kathy does not have a lighter.
contradiction	Nick's stamp is grey in colour.	Nick does not have a stamp.
contradiction	Alex's purse is black in colour.	Alex does not have a purse.
contradiction	Carolyn's stamp is red in colour.	Carolyn does not have a stamp.
contradiction	Amanda's file is red in colour.	Amanda does not have a file.
contradiction	Ruth's identity card is maroon in colour.	Ruth does not have an identity card.
contradiction	Carol's rubber is grey in colour.	Carol does not have a rubber.
contradiction	Nancy's cigarette is blue in colour.	Nancy does not have a cigarette.
contradiction	Kate's rubber is green in colour.	Kate does not have a rubber.
contradiction	Edith's tissue is green in colour.	Edith does not have a tissue.
contradiction	Donald's camera is maroon in colour.	Donald does not have a camera.
contradiction	Joseph's coin is yellow in colour.	Joseph does not have a coin.
contradiction	Walter's mirror is magenta in colour.	Walter does not have a mirror.
contradiction	Sharon's diary is yellow in colour.	Sharon does not have a diary.
contradiction	Helen's watch is brown in colour.	Helen does not have a watch.
contradiction	Lauren's headphone is magenta in colour.	Lauren does not have a headphone.
contradiction	Amanda's case is white in colour.	Amanda does not have a case.
contradiction	Harold's match is red in colour.	Harold does not have a match.
contradiction	Stephen's tissue is purple in colour.	Stephen does not have a tissue.
contradiction	Carl's rubber is purple in colour.	Carl does not have a rubber.
contradiction	Samuel's laptop is maroon in colour.	Samuel does not have a laptop.
contradiction	Louis's comb is black in colour.	Louis does not have a comb.
contradiction	Bruce's pencil is maroon in colour.	Bruce does not have a pencil.
contradiction	Chris's glass is pink in colour.	Chris does not have a glass.
contradiction	Nicole's notebook is brown in colour.	Nicole does not have a notebook.
contradiction	Grace's coin is pink in colour.	Grace does not have a coin.
contradiction	Julia's pencil is white in colour.	Julia does not have a pencil.
contradiction	Sarah's stamp is crimson in colour.	Sarah does not have a stamp.
contradiction	Greg's newspaper is pink in colour.	Greg does not have a newspaper.
contradiction	Eleanor's lighter is white in colour.	Eleanor does not have a lighter.
contradiction	Rose's tissue is brown in colour.	Rose does not have a tissue.
contradiction	Sara's newspaper is red in colour.	Sara does not have a newspaper.
contradiction	Ellen's postcard is purple in colour.	Ellen does not have a postcard.
contradiction	Wendy's diary is maroon in colour.	Wendy does not have a diary.
contradiction	Michelle's photo is white in colour.	Michelle does not have a photo.
contradiction	Ray's postcard is brown in colour.	Ray does not have a postcard.
contradiction	Katie's credit card is red in colour.	Katie does not have a credit card.
contradiction	Lisa's scissor is red in colour.	Lisa does not have a scissor.
contradiction	Dan's battery is maroon in colour.	Dan does not have a battery.
contradiction	Ed's scissor is crimson in colour.	Ed does not have a scissor.
contradiction	Dave's credit card is brown in colour.	Dave does not have a credit card.
contradiction	Frank's cigarette is grey in colour.	Frank does not have a cigarette.
contradiction	Dorothy's watch is magenta in colour.	Dorothy does not have a watch.
contradiction	Charlie's postcard is green in colour.	Charlie does not have a postcard.
contradiction	Edwin's scissor is brown in colour.	Edwin does not have a scissor.
contradiction	Tony's clip is maroon in colour.	Tony does not have a clip.
contradiction	Sara's scissor is blue in colour.	Sara does not have a scissor.
contradiction	Suzanne's button is magenta in colour.	Suzanne does not have a button.
contradiction	Jay's toothbrush is blue in colour.	Jay does not have a toothbrush.
contradiction	Matt's photo is grey in colour.	Matt does not have a photo.
contradiction	Tim's match is maroon in colour.	Tim does not have a match.
contradiction	Mary's stamp is grey in colour.	Mary does not have a stamp.
contradiction	Brian's battery is purple in colour.	Brian does not have a battery.
contradiction	Fiona's newspaper is white in colour.	Fiona does not have a newspaper.
contradiction	Lisa's match is green in colour.	Lisa does not have a match.
contradiction	Greg's brush is magenta in colour.	Greg does not have a brush.
contradiction	Edward's mobile phone is yellow in colour.	Edward does not have a mobile phone.
contradiction	Bobby's tissue is green in colour.	Bobby does not have a tissue.
contradiction	Carol's banknote is red in colour.	Carol does not have a banknote.
contradiction	Roy's scissor is brown in colour.	Roy does not have a scissor.
contradiction	Dorothy's case is crimson in colour.	Dorothy does not have a case.
contradiction	Mark's dictionary is maroon in colour.	Mark does not have a dictionary.
contradiction	Margaret's dictionary is magenta in colour.	Margaret does not have a dictionary.
contradiction	Christopher's scissor is grey in colour.	Christopher does not have a scissor.
contradiction	Gary's wallet is magenta in colour.	Gary does not have a wallet.
contradiction	Donna's battery is maroon in colour.	Donna does not have a battery.
contradiction	Scott's lighter is black in colour.	Scott does not have a lighter.
contradiction	Pamela's purse is green in colour.	Pamela does not have a purse.
contradiction	Walter's battery is magenta in colour.	Walter does not have a battery.
contradiction	Michael's rubber is blue in colour.	Michael does not have a rubber.
contradiction	Charlotte's laptop is green in colour.	Charlotte does not have a laptop.
contradiction	Elaine's lipstick is maroon in colour.	Elaine does not have a lipstick.
contradiction	Matthew's umbrella is blue in colour.	Matthew does not have an umbrella.
contradiction	Ashley's photo is crimson in colour.	Ashley does not have a photo.
contradiction	Kathleen's case is blue in colour.	Kathleen does not have a case.
contradiction	Judy's umbrella is crimson in colour.	Judy does not have an umbrella.
contradiction	Alison's headphone is white in colour.	Alison does not have a headphone.
contradiction	Julie's magazine is grey in colour.	Julie does not have a magazine.
contradiction	Adam's wallet is black in colour.	Adam does not have a wallet.
contradiction	Victoria's cigarette is magenta in colour.	Victoria does not have a cigarette.
contradiction	Kathryn's light bulb is yellow in colour.	Kathryn does not have a light bulb.
contradiction	Rachel's glass is purple in colour.	Rachel does not have a glass.
contradiction	Paul's photo is purple in colour.	Paul does not have a photo.
contradiction	Brian's alarm clock is pink in colour.	Brian does not have an alarm clock.
contradiction	Sandra's umbrella is magenta in colour.	Sandra does not have an umbrella.
contradiction	Rachel's banknote is crimson in colour.	Rachel does not have a banknote.
contradiction	Edith's match is crimson in colour.	Edith does not have a match.
contradiction	Christine's banknote is yellow in colour.	Christine does not have a banknote.
contradiction	Katie's postcard is grey in colour.	Katie does not have a postcard.
contradiction	Charlie's photo is pink in colour.	Charlie does not have a photo.
contradiction	Christopher's purse is black in colour.	Christopher does not have a purse.
contradiction	Al's brush is grey in colour.	Al does not have a brush.
contradiction	Ruth's car is blue in colour.	Ruth does not have a car.
contradiction	Edith's banknote is magenta in colour.	Edith does not have a banknote.
contradiction	Joe's clip is brown in colour.	Joe does not have a clip.
contradiction	Matt's tissue is black in colour.	Matt does not have a tissue.
contradiction	Julie's stamp is maroon in colour.	Julie does not have a stamp.
contradiction	Donna's light bulb is white in colour.	Donna does not have a light bulb.
contradiction	Albert's identity card is yellow in colour.	Albert does not have an identity card.
contradiction	Chris's coin is blue in colour.	Chris does not have a coin.
contradiction	Stephanie's mobile phone is white in colour.	Stephanie does not have a mobile phone.
contradiction	Edith's notebook is grey in colour.	Edith does not have a notebook.
contradiction	Roger's photo is black in colour.	Roger does not have a photo.
contradiction	Alexandra's light bulb is pink in colour.	Alexandra does not have a light bulb.
contradiction	Frances's dictionary is blue in colour.	Frances does not have a dictionary.
contradiction	Frederick's tissue is maroon in colour.	Frederick does not have a tissue.
contradiction	Angela's coin is grey in colour.	Angela does not have a coin.
contradiction	Evelyn's brush is white in colour.	Evelyn does not have a brush.
contradiction	Steve's credit card is white in colour.	Steve does not have a credit card.
contradiction	Samuel's camera is brown in colour.	Samuel does not have a camera.
contradiction	Linda's umbrella is maroon in colour.	Linda does not have an umbrella.
contradiction	Lisa's scissor is grey in colour.	Lisa does not have a scissor.
contradiction	Jason's credit card is black in colour.	Jason does not have a credit card.
contradiction	Harold's diary is grey in colour.	Harold does not have a diary.
contradiction	Brian's tissue is magenta in colour.	Brian does not have a tissue.
contradiction	Betty's credit card is pink in colour.	Betty does not have a credit card.
contradiction	Henry's pen is green in colour.	Henry does not have a pen.
contradiction	Tony's pencil is green in colour.	Tony does not have a pencil.
contradiction	Amanda's button is pink in colour.	Amanda does not have a button.
contradiction	Alan's scissor is green in colour.	Alan does not have a scissor.
contradiction	Harriet's postcard is pink in colour.	Harriet does not have a postcard.
contradiction	Janet's rubber is purple in colour.	Janet does not have a rubber.
contradiction	Tim's watch is red in colour.	Tim does not have a watch.
contradiction	Caroline's magazine is red in colour.	Caroline does not have a magazine.
contradiction	Donna's tissue is pink in colour.	Donna does not have a tissue.
contradiction	Eric's case is magenta in colour.	Eric does not have a case.
contradiction	Carl's photo is blue in colour.	Carl does not have a photo.
contradiction	Philip's dictionary is brown in colour.	Philip does not have a dictionary.
contradiction	Edwin's glass is red in colour.	Edwin does not have a glass.
contradiction	Ashley's scissor is yellow in colour.	Ashley does not have a scissor.
contradiction	Henry's bottle is magenta in colour.	Henry does not have a bottle.
contradiction	Matthew's banknote is yellow in colour.	Matthew does not have a banknote.
contradiction	Christine's mobile phone is magenta in colour.	Christine does not have a mobile phone.
contradiction	Diana's tissue is black in colour.	Diana does not have a tissue.
contradiction	John's pencil is yellow in colour.	John does not have a pencil.
contradiction	Janet's clip is purple in colour.	Janet does not have a clip.
contradiction	Matthew's clip is green in colour.	Matthew does not have a clip.
contradiction	Ellen's pencil is black in colour.	Ellen does not have a pencil.
contradiction	Rebecca's brush is grey in colour.	Rebecca does not have a brush.
contradiction	Marilyn's alarm clock is crimson in colour.	Marilyn does not have an alarm clock.
contradiction	Dick's brush is pink in colour.	Dick does not have a brush.
contradiction	Edith's stamp is grey in colour.	Edith does not have a stamp.
contradiction	Deborah's clip is brown in colour.	Deborah does not have a clip.
contradiction	Diane's tissue is crimson in colour.	Diane does not have a tissue.
contradiction	Betty's mirror is purple in colour.	Betty does not have a mirror.
contradiction	Edith's toothbrush is green in colour.	Edith does not have a toothbrush.
contradiction	Roger's bottle is green in colour.	Roger does not have a bottle.
contradiction	Alex's watch is purple in colour.	Alex does not have a watch.
contradiction	Greg's identity card is red in colour.	Greg does not have an identity card.
contradiction	Ken's magazine is yellow in colour.	Ken does not have a magazine.
contradiction	Greg's mobile phone is pink in colour.	Greg does not have a mobile phone.
contradiction	Marilyn's alarm clock is green in colour.	Marilyn does not have an alarm clock.
contradiction	Alfred's laptop is maroon in colour.	Alfred does not have a laptop.
contradiction	Bruce's umbrella is blue in colour.	Bruce does not have an umbrella.
contradiction	Grace's magazine is maroon in colour.	Grace does not have a magazine.
contradiction	Ray's car is maroon in colour.	Ray does not have a car.
contradiction	Tony's battery is white in colour.	Tony does not have a battery.
contradiction	Amanda's wallet is grey in colour.	Amanda does not have a wallet.
contradiction	Adam's alarm clock is white in colour.	Adam does not have an alarm clock.
contradiction	Kathryn's toothbrush is pink in colour.	Kathryn does not have a toothbrush.
contradiction	Howard's light bulb is yellow in colour.	Howard does not have a light bulb.
contradiction	Kenneth's newspaper is pink in colour.	Kenneth does not have a newspaper.
contradiction	Fred's tissue is red in colour.	Fred does not have a tissue.
contradiction	Dick's case is yellow in colour.	Dick does not have a case.
contradiction	Fiona's cigarette is purple in colour.	Fiona does not have a cigarette.
contradiction	Roy's glass is red in colour.	Roy does not have a glass.
contradiction	Ken's brush is brown in colour.	Ken does not have a brush.
contradiction	Amanda's magazine is brown in colour.	Amanda does not have a magazine.
contradiction	Amanda's battery is brown in colour.	Amanda does not have a battery.
contradiction	Richard's pen is white in colour.	Richard does not have a pen.
contradiction	Barbara's tissue is brown in colour.	Barbara does not have a tissue.
contradiction	Jessica's lipstick is magenta in colour.	Jessica does not have a lipstick.
contradiction	Jennifer's button is grey in colour.	Jennifer does not have a button.
contradiction	Richard's light bulb is black in colour.	Richard does not have a light bulb.
contradiction	George's lighter is brown in colour.	George does not have a lighter.
contradiction	Anthony's comb is white in colour.	Anthony does not have a comb.
contradiction	Joe's clip is crimson in colour.	Joe does not have a clip.
contradiction	Larry's toothbrush is black in colour.	Larry does not have a toothbrush.
contradiction	Judith's lipstick is grey in colour.	Judith does not have a lipstick.
contradiction	Kathleen's purse is magenta in colour.	Kathleen does not have a purse.
contradiction	Larry's stamp is blue in colour.	Larry does not have a stamp.
contradiction	Alex's clip is red in colour.	Alex does not have a clip.
contradiction	Diane's newspaper is pink in colour.	Diane does not have a newspaper.
contradiction	Howard's stamp is black in colour.	Howard does not have a stamp.
contradiction	Carolyn's umbrella is brown in colour.	Carolyn does not have an umbrella.
contradiction	Barbara's car is maroon in colour.	Barbara does not have a car.
contradiction	Harry's pencil is black in colour.	Harry does not have a pencil.
contradiction	Eleanor's tissue is white in colour.	Eleanor does not have a tissue.
contradiction	Louis's battery is pink in colour.	Louis does not have a battery.
contradiction	Alfred's diary is crimson in colour.	Alfred does not have a diary.
contradiction	Don's comb is red in colour.	Don does not have a comb.
contradiction	Harry's magazine is maroon in colour.	Harry does not have a magazine.
contradiction	Jessica's car is yellow in colour.	Jessica does not have a car.
contradiction	Wendy's case is brown in colour.	Wendy does not have a case.
contradiction	Alexander's car is brown in colour.	Alexander does not have a car.
contradiction	Angela's identity card is purple in colour.	Angela does not have an identity card.
contradiction	John's camera is white in colour.	John does not have a camera.
contradiction	Harriet's case is grey in colour.	Harriet does not have a case.
contradiction	Stephen's headphone is purple in colour.	Stephen does not have a headphone.
contradiction	Joe's photo is blue in colour.	Joe does not have a photo.
contradiction	Matt's rubber is crimson in colour.	Matt does not have a rubber.
contradiction	Arthur's scissor is blue in colour.	Arthur does not have a scissor.
contradiction	Jennifer's light bulb is yellow in colour.	Jennifer does not have a light bulb.
contradiction	Kevin's alarm clock is purple in colour.	Kevin does not have an alarm clock.
contradiction	Sara's purse is purple in colour.	Sara does not have a purse.
contradiction	Sophie's coin is crimson in colour.	Sophie does not have a coin.
contradiction	Suzanne's car is brown in colour.	Suzanne does not have a car.
contradiction	Deborah's watch is red in colour.	Deborah does not have a watch.
contradiction	Roy's wallet is black in colour.	Roy does not have a wallet.
contradiction	Matthew's scissor is pink in colour.	Matthew does not have a scissor.
contradiction	Roger's button is brown in colour.	Roger does not have a button.
contradiction	Carol's rubber is white in colour.	Carol does not have a rubber.
contradiction	Francis's headphone is maroon in colour.	Francis does not have a headphone.
contradiction	Kevin's car is pink in colour.	Kevin does not have a car.
contradiction	Charlie's magazine is purple in colour.	Charlie does not have a magazine.
contradiction	Johnny's purse is purple in colour.	Johnny does not have a purse.
contradiction	Jimmy's camera is blue in colour.	Jimmy does not have a camera.
contradiction	Harold's postcard is white in colour.	Harold does not have a postcard.
contradiction	Bob's file is green in colour.	Bob does not have a file.
contradiction	Mark's notebook is brown in colour.	Mark does not have a notebook.
contradiction	Mark's stamp is grey in colour.	Mark does not have a stamp.
contradiction	Francis's comb is blue in colour.	Francis does not have a comb.
contradiction	George's camera is white in colour.	George does not have a camera.
contradiction	Jason's case is black in colour.	Jason does not have a case.
contradiction	Deborah's watch is red in colour.	Deborah does not have a watch.
contradiction	Frank's diary is grey in colour.	Frank does not have a diary.
contradiction	Greg's camera is yellow in colour.	Greg does not have a camera.
contradiction	Diana's case is black in colour.	Diana does not have a case.
contradiction	Ben's file is grey in colour.	Ben does not have a file.
contradiction	Stephanie's pen is pink in colour.	Stephanie does not have a pen.
contradiction	Charlie's battery is black in colour.	Charlie does not have a battery.
contradiction	Rose's player is crimson in colour.	Rose does not have a player.
contradiction	Billy's headphone is yellow in colour.	Billy does not have a headphone.
contradiction	Howard's headphone is pink in colour.	Howard does not have a headphone.
contradiction	Henry's pen is purple in colour.	Henry does not have a pen.
contradiction	Ray's stamp is magenta in colour.	Ray does not have a stamp.
contradiction	Philip's alarm clock is white in colour.	Philip does not have an alarm clock.
contradiction	John's newspaper is brown in colour.	John does not have a newspaper.
contradiction	Chris's battery is grey in colour.	Chris does not have a battery.
contradiction	Don's stamp is green in colour.	Don does not have a stamp.
contradiction	Donald's stamp is magenta in colour.	Donald does not have a stamp.
contradiction	Sophie's identity card is white in colour.	Sophie does not have an identity card.
contradiction	Carl's lipstick is purple in colour.	Carl does not have a lipstick.
contradiction	Margaret's mirror is magenta in colour.	Margaret does not have a mirror.
contradiction	Brian's comb is brown in colour.	Brian does not have a comb.
contradiction	Ian's cigarette is black in colour.	Ian does not have a cigarette.
contradiction	Wendy's postcard is yellow in colour.	Wendy does not have a postcard.
contradiction	Dan's lipstick is crimson in colour.	Dan does not have a lipstick.
contradiction	Tony's watch is purple in colour.	Tony does not have a watch.
contradiction	Patricia's newspaper is purple in colour.	Patricia does not have a newspaper.
contradiction	Deborah's identity card is red in colour.	Deborah does not have an identity card.
contradiction	Keith's alarm clock is magenta in colour.	Keith does not have an alarm clock.
contradiction	Colin's lighter is black in colour.	Colin does not have a lighter.
contradiction	Maria's mirror is blue in colour.	Maria does not have a mirror.
contradiction	Jason's wallet is maroon in colour.	Jason does not have a wallet.
contradiction	Steven's identity card is brown in colour.	Steven does not have an identity card.
contradiction	Anna's diary is red in colour.	Anna does not have a diary.
contradiction	Kathy's identity card is green in colour.	Kathy does not have an identity card.
contradiction	Katie's wallet is maroon in colour.	Katie does not have a wallet.
contradiction	Heather's lighter is pink in colour.	Heather does not have a lighter.
contradiction	Katherine's mirror is black in colour.	Katherine does not have a mirror.
contradiction	Joseph's banknote is pink in colour.	Joseph does not have a banknote.
contradiction	Fred's clip is magenta in colour.	Fred does not have a clip.
contradiction	Billy's car is crimson in colour.	Billy does not have a car.
contradiction	Ryan's mobile phone is blue in colour.	Ryan does not have a mobile phone.
contradiction	Anthony's toothbrush is maroon in colour.	Anthony does not have a toothbrush.
contradiction	Edith's lipstick is yellow in colour.	Edith does not have a lipstick.
contradiction	Benjamin's watch is maroon in colour.	Benjamin does not have a watch.
contradiction	Dorothy's dictionary is blue in colour.	Dorothy does not have a dictionary.
contradiction	Leslie's battery is white in colour.	Leslie does not have a battery.
contradiction	Alison's light bulb is pink in colour.	Alison does not have a light bulb.
contradiction	David's pencil is maroon in colour.	David does not have a pencil.
contradiction	Steve's coin is crimson in colour.	Steve does not have a coin.
contradiction	Jill's credit card is blue in colour.	Jill does not have a credit card.
contradiction	Amy's diary is magenta in colour.	Amy does not have a diary.
contradiction	Kathryn's comb is magenta in colour.	Kathryn does not have a comb.
contradiction	Tim's comb is green in colour.	Tim does not have a comb.
contradiction	Kevin's car is white in colour.	Kevin does not have a car.
contradiction	Annie's stamp is brown in colour.	Annie does not have a stamp.
contradiction	Sally's newspaper is purple in colour.	Sally does not have a newspaper.
contradiction	Samuel's light bulb is black in colour.	Samuel does not have a light bulb.
contradiction	Don's stamp is brown in colour.	Don does not have a stamp.
contradiction	Angela's button is blue in colour.	Angela does not have a button.
contradiction	Wendy's bottle is white in colour.	Wendy does not have a bottle.
contradiction	Stephen's headphone is purple in colour.	Stephen does not have a headphone.
contradiction	Katherine's magazine is purple in colour.	Katherine does not have a magazine.
contradiction	Kathy's camera is grey in colour.	Kathy does not have a camera.
contradiction	Linda's rubber is grey in colour.	Linda does not have a rubber.
contradiction	Tom's headphone is crimson in colour.	Tom does not have a headphone.
contradiction	Alexandra's camera is pink in colour.	Alexandra does not have a camera.
contradiction	Steven's glass is grey in colour.	Steven does not have a glass.
contradiction	Kevin's lighter is magenta in colour.	Kevin does not have a lighter.
contradiction	Alfred's button is blue in colour.	Alfred does not have a button.
contradiction	Carl's headphone is yellow in colour.	Carl does not have a headphone.
contradiction	Francis's lipstick is brown in colour.	Francis does not have a lipstick.
contradiction	Margaret's umbrella is yellow in colour.	Margaret does not have an umbrella.
contradiction	Lucy's clip is crimson in colour.	Lucy does not have a clip.
contradiction	Elaine's lipstick is yellow in colour.	Elaine does not have a lipstick.
contradiction	Frances's pen is black in colour.	Frances does not have a pen.
contradiction	Ben's comb is blue in colour.	Ben does not have a comb.
contradiction	Roy's scissor is grey in colour.	Roy does not have a scissor.
contradiction	Andrea's cigarette is red in colour.	Andrea does not have a cigarette.
contradiction	Charlie's identity card is crimson in colour.	Charlie does not have an identity card.
contradiction	Ed's credit card is brown in colour.	Ed does not have a credit card.
contradiction	Sandra's coin is magenta in colour.	Sandra does not have a coin.
contradiction	Jessica's banknote is crimson in colour.	Jessica does not have a banknote.
contradiction	Rebecca's button is maroon in colour.	Rebecca does not have a button.
contradiction	Virginia's headphone is blue in colour.	Virginia does not have a headphone.
contradiction	Jessica's file is maroon in colour.	Jessica does not have a file.
contradiction	Frank's magazine is red in colour.	Frank does not have a magazine.
contradiction	Rebecca's lighter is grey in colour.	Rebecca does not have a lighter.
contradiction	Maria's diary is white in colour.	Maria does not have a diary.
contradiction	Amy's newspaper is green in colour.	Amy does not have a newspaper.
contradiction	Kate's postcard is pink in colour.	Kate does not have a postcard.
contradiction	Ken's identity card is magenta in colour.	Ken does not have an identity card.
contradiction	Lynn's purse is magenta in colour.	Lynn does not have a purse.
contradiction	Sara's watch is crimson in colour.	Sara does not have a watch.
contradiction	Ron's laptop is yellow in colour.	Ron does not have a laptop.
contradiction	Donna's pencil is yellow in colour.	Donna does not have a pencil.
contradiction	Judith's watch is yellow in colour.	Judith does not have a watch.
contradiction	Linda's brush is black in colour.	Linda does not have a brush.
contradiction	Emily's mobile phone is magenta in colour.	Emily does not have a mobile phone.
contradiction	Dan's clip is brown in colour.	Dan does not have a clip.
contradiction	Victoria's newspaper is green in colour.	Victoria does not have a newspaper.
contradiction	Helen's mobile phone is white in colour.	Helen does not have a mobile phone.
contradiction	Edwin's headphone is purple in colour.	Edwin does not have a headphone.
contradiction	Alfred's magazine is purple in colour.	Alfred does not have a magazine.
contradiction	Ellen's camera is red in colour.	Ellen does not have a camera.
contradiction	Marie's magazine is maroon in colour.	Marie does not have a magazine.
contradiction	Harry's coin is crimson in colour.	Harry does not have a coin.
contradiction	Ruth's cigarette is blue in colour.	Ruth does not have a cigarette.
contradiction	Greg's lipstick is brown in colour.	Greg does not have a lipstick.
contradiction	Johnny's newspaper is maroon in colour.	Johnny does not have a newspaper.
contradiction	Ashley's magazine is green in colour.	Ashley does not have a magazine.
contradiction	Lisa's photo is brown in colour.	Lisa does not have a photo.
contradiction	Anna's laptop is black in colour.	Anna does not have a laptop.
contradiction	Evelyn's lighter is green in colour.	Evelyn does not have a lighter.
contradiction	Frank's match is red in colour.	Frank does not have a match.
contradiction	Frances's stamp is white in colour.	Frances does not have a stamp.
contradiction	Kevin's magazine is green in colour.	Kevin does not have a magazine.
contradiction	Frances's coin is black in colour.	Frances does not have a coin.
contradiction	Kevin's purse is yellow in colour.	Kevin does not have a purse.
contradiction	Caroline's identity card is purple in colour.	Caroline does not have an identity card.
contradiction	Joe's brush is purple in colour.	Joe does not have a brush.
contradiction	Alexander's bottle is blue in colour.	Alexander does not have a bottle.
contradiction	Christine's pen is pink in colour.	Christine does not have a pen.
contradiction	Edith's headphone is blue in colour.	Edith does not have a headphone.
contradiction	Ellen's diary is white in colour.	Ellen does not have a diary.
contradiction	Betty's clip is green in colour.	Betty does not have a clip.
contradiction	Harriet's toothbrush is pink in colour.	Harriet does not have a toothbrush.
contradiction	Matt's lipstick is green in colour.	Matt does not have a lipstick.
contradiction	Charlie's cigarette is purple in colour.	Charlie does not have a cigarette.
contradiction	Brian's rubber is red in colour.	Brian does not have a rubber.
contradiction	Alex's stamp is brown in colour.	Alex does not have a stamp.
contradiction	Lawrence's car is crimson in colour.	Lawrence does not have a car.
contradiction	Pamela's magazine is crimson in colour.	Pamela does not have a magazine.
contradiction	Ben's magazine is green in colour.	Ben does not have a magazine.
contradiction	Barbara's battery is red in colour.	Barbara does not have a battery.
contradiction	Rachel's player is grey in colour.	Rachel does not have a player.
contradiction	Roger's lipstick is magenta in colour.	Roger does not have a lipstick.
contradiction	Alison's rubber is maroon in colour.	Alison does not have a rubber.
contradiction	Jennifer's rubber is purple in colour.	Jennifer does not have a rubber.
contradiction	Roy's postcard is red in colour.	Roy does not have a postcard.
contradiction	Eric's tissue is purple in colour.	Eric does not have a tissue.
contradiction	Larry's banknote is grey in colour.	Larry does not have a banknote.
contradiction	Linda's rubber is magenta in colour.	Linda does not have a rubber.
contradiction	Albert's brush is maroon in colour.	Albert does not have a brush.
contradiction	Dave's comb is green in colour.	Dave does not have a comb.
contradiction	Anthony's case is red in colour.	Anthony does not have a case.
contradiction	Joan's lighter is yellow in colour.	Joan does not have a lighter.
contradiction	Ralph's comb is white in colour.	Ralph does not have a comb.
contradiction	Tony's car is black in colour.	Tony does not have a car.
contradiction	Annie's dictionary is brown in colour.	Annie does not have a dictionary.
contradiction	Michelle's rubber is purple in colour.	Michelle does not have a rubber.
contradiction	Sophie's coin is grey in colour.	Sophie does not have a coin.
contradiction	Jack's glass is crimson in colour.	Jack does not have a glass.
contradiction	Chris's lipstick is yellow in colour.	Chris does not have a lipstick.
contradiction	Ellen's comb is black in colour.	Ellen does not have a comb.
contradiction	Joseph's mirror is black in colour.	Joseph does not have a mirror.
contradiction	Carl's magazine is yellow in colour.	Carl does not have a magazine.
contradiction	Albert's pencil is white in colour.	Albert does not have a pencil.
contradiction	Kathryn's lipstick is grey in colour.	Kathryn does not have a lipstick.
contradiction	Angela's file is green in colour.	Angela does not have a file.
contradiction	Ed's purse is blue in colour.	Ed does not have a purse.
contradiction	Angela's toothbrush is black in colour.	Angela does not have a toothbrush.
contradiction	Philip's file is pink in colour.	Philip does not have a file.
contradiction	Jean's stamp is magenta in colour.	Jean does not have a stamp.
contradiction	Lawrence's lipstick is blue in colour.	Lawrence does not have a lipstick.
contradiction	Jason's magazine is yellow in colour.	Jason does not have a magazine.
contradiction	Jeff's alarm clock is magenta in colour.	Jeff does not have an alarm clock.
contradiction	Jerry's photo is magenta in colour.	Jerry does not have a photo.
contradiction	Kathryn's camera is white in colour.	Kathryn does not have a camera.
contradiction	Chris's magazine is red in colour.	Chris does not have a magazine.
contradiction	Donald's wallet is pink in colour.	Donald does not have a wallet.
contradiction	Caroline's stamp is brown in colour.	Caroline does not have a stamp.
contradiction	Billy's cigarette is red in colour.	Billy does not have a cigarette.
contradiction	Colin's coin is maroon in colour.	Colin does not have a coin.
contradiction	Larry's bottle is red in colour.	Larry does not have a bottle.
contradiction	Cynthia's diary is purple in colour.	Cynthia does not have a diary.
contradiction	Jonathan's wallet is black in colour.	Jonathan does not have a wallet.
contradiction	Carl's rubber is purple in colour.	Carl does not have a rubber.
contradiction	Ian's scissor is grey in colour.	Ian does not have a scissor.
contradiction	Annie's comb is green in colour.	Annie does not have a comb.
contradiction	Lynn's case is red in colour.	Lynn does not have a case.
contradiction	Nancy's button is red in colour.	Nancy does not have a button.
contradiction	Carolyn's wallet is grey in colour.	Carolyn does not have a wallet.
contradiction	Al's cigarette is grey in colour.	Al does not have a cigarette.
contradiction	Laura's light bulb is yellow in colour.	Laura does not have a light bulb.
contradiction	Larry's case is yellow in colour.	Larry does not have a case.
contradiction	Lauren's diary is pink in colour.	Lauren does not have a diary.
contradiction	Emma's button is white in colour.	Emma does not have a button.
contradiction	Heather's mobile phone is magenta in colour.	Heather does not have a mobile phone.
contradiction	Ruth's photo is blue in colour.	Ruth does not have a photo.
contradiction	Wendy's notebook is magenta in colour.	Wendy does not have a notebook.
contradiction	Jonathan's coin is black in colour.	Jonathan does not have a coin.
contradiction	Martha's bottle is red in colour.	Martha does not have a bottle.
contradiction	Ed's mobile phone is red in colour.	Ed does not have a mobile phone.
contradiction	Andrea's toothbrush is yellow in colour.	Andrea does not have a toothbrush.
contradiction	Edward's scissor is white in colour.	Edward does not have a scissor.
contradiction	Dan's button is black in colour.	Dan does not have a button.
contradiction	Johnny's bottle is yellow in colour.	Johnny does not have a bottle.
contradiction	Walter's banknote is white in colour.	Walter does not have a banknote.
contradiction	Francis's pencil is purple in colour.	Francis does not have a pencil.
contradiction	Larry's stamp is black in colour.	Larry does not have a stamp.
contradiction	Billy's magazine is magenta in colour.	Billy does not have a magazine.
contradiction	Rose's comb is red in colour.	Rose does not have a comb.
contradiction	Chris's match is yellow in colour.	Chris does not have a match.
contradiction	Sara's tissue is grey in colour.	Sara does not have a tissue.
contradiction	Wendy's postcard is maroon in colour.	Wendy does not have a postcard.
contradiction	Jean's wallet is brown in colour.	Jean does not have a wallet.
contradiction	Al's diary is green in colour.	Al does not have a diary.
contradiction	Karen's case is purple in colour.	Karen does not have a case.
contradiction	Richard's credit card is pink in colour.	Richard does not have a credit card.
contradiction	Ben's pen is green in colour.	Ben does not have a pen.
contradiction	Anne's file is grey in colour.	Anne does not have a file.
contradiction	Philip's headphone is crimson in colour.	Philip does not have a headphone.
contradiction	Benjamin's car is yellow in colour.	Benjamin does not have a car.
contradiction	Charlotte's rubber is magenta in colour.	Charlotte does not have a rubber.
contradiction	Bruce's camera is brown in colour.	Bruce does not have a camera.
contradiction	Evelyn's case is pink in colour.	Evelyn does not have a case.
contradiction	Paul's light bulb is red in colour.	Paul does not have a light bulb.
contradiction	Sue's wallet is red in colour.	Sue does not have a wallet.
contradiction	Edwin's toothbrush is magenta in colour.	Edwin does not have a toothbrush.
contradiction	Jessica's bottle is blue in colour.	Jessica does not have a bottle.
contradiction	George's toothbrush is blue in colour.	George does not have a toothbrush.
contradiction	Roger's tissue is crimson in colour.	Roger does not have a tissue.
contradiction	Nick's purse is brown in colour.	Nick does not have a purse.
contradiction	Arthur's photo is yellow in colour.	Arthur does not have a photo.
contradiction	Mark's glass is white in colour.	Mark does not have a glass.
contradiction	Keith's toothbrush is pink in colour.	Keith does not have a toothbrush.
contradiction	Barbara's mobile phone is maroon in colour.	Barbara does not have a mobile phone.
contradiction	Hugh's camera is pink in colour.	Hugh does not have a camera.
contradiction	Sara's button is crimson in colour.	Sara does not have a button.
contradiction	Jessica's photo is pink in colour.	Jessica does not have a photo.
contradiction	Amy's watch is yellow in colour.	Amy does not have a watch.
contradiction	Philip's umbrella is pink in colour.	Philip does not have an umbrella.
contradiction	Jessica's laptop is grey in colour.	Jessica does not have a laptop.
contradiction	Harold's car is red in colour.	Harold does not have a car.
contradiction	Brian's light bulb is pink in colour.	Brian does not have a light bulb.
contradiction	Patricia's camera is maroon in colour.	Patricia does not have a camera.
contradiction	Albert's magazine is white in colour.	Albert does not have a magazine.
contradiction	Evelyn's photo is maroon in colour.	Evelyn does not have a photo.
contradiction	Robin's umbrella is maroon in colour.	Robin does not have an umbrella.
contradiction	Lawrence's postcard is pink in colour.	Lawrence does not have a postcard.
contradiction	Jean's bottle is purple in colour.	Jean does not have a bottle.
contradiction	Scott's rubber is blue in colour.	Scott does not have a rubber.
contradiction	Donald's case is magenta in colour.	Donald does not have a case.
contradiction	Judith's postcard is green in colour.	Judith does not have a postcard.
contradiction	Dorothy's pencil is pink in colour.	Dorothy does not have a pencil.
contradiction	Frederick's watch is black in colour.	Frederick does not have a watch.
contradiction	Kathryn's scissor is crimson in colour.	Kathryn does not have a scissor.
contradiction	Thomas's case is magenta in colour.	Thomas does not have a case.
contradiction	Ralph's tissue is purple in colour.	Ralph does not have a tissue.
contradiction	Kelly's coin is crimson in colour.	Kelly does not have a coin.
contradiction	Donald's notebook is purple in colour.	Donald does not have a notebook.
contradiction	Carl's battery is maroon in colour.	Carl does not have a battery.
contradiction	Charlie's car is purple in colour.	Charlie does not have a car.
contradiction	Steven's case is crimson in colour.	Steven does not have a case.
contradiction	Henry's alarm clock is maroon in colour.	Henry does not have an alarm clock.
contradiction	Florence's mobile phone is crimson in colour.	Florence does not have a mobile phone.
contradiction	Nick's glass is black in colour.	Nick does not have a glass.
contradiction	Grace's pen is grey in colour.	Grace does not have a pen.
contradiction	Carl's car is brown in colour.	Carl does not have a car.
contradiction	Benjamin's player is purple in colour.	Benjamin does not have a player.
contradiction	Fiona's case is grey in colour.	Fiona does not have a case.
contradiction	Jessica's magazine is pink in colour.	Jessica does not have a magazine.
contradiction	Jonathan's photo is purple in colour.	Jonathan does not have a photo.
contradiction	Jonathan's car is red in colour.	Jonathan does not have a car.
contradiction	Sara's clip is magenta in colour.	Sara does not have a clip.
contradiction	Bobby's file is brown in colour.	Bobby does not have a file.
contradiction	Sara's brush is black in colour.	Sara does not have a brush.
contradiction	Jason's clip is brown in colour.	Jason does not have a clip.
contradiction	James's newspaper is blue in colour.	James does not have a newspaper.
contradiction	Donald's notebook is black in colour.	Donald does not have a notebook.
contradiction	Lynn's pen is crimson in colour.	Lynn does not have a pen.
contradiction	Simon's rubber is red in colour.	Simon does not have a rubber.
contradiction	Jonathan's umbrella is magenta in colour.	Jonathan does not have an umbrella.
contradiction	Alexandra's brush is white in colour.	Alexandra does not have a brush.
contradiction	Charlie's purse is black in colour.	Charlie does not have a purse.
contradiction	Rebecca's brush is crimson in colour.	Rebecca does not have a brush.
contradiction	Barbara's lipstick is blue in colour.	Barbara does not have a lipstick.
contradiction	Louise's camera is white in colour.	Louise does not have a camera.
contradiction	Ray's laptop is blue in colour.	Ray does not have a laptop.
contradiction	Florence's match is grey in colour.	Florence does not have a match.
contradiction	Donna's coin is pink in colour.	Donna does not have a coin.
contradiction	Amanda's player is crimson in colour.	Amanda does not have a player.
contradiction	Amy's file is purple in colour.	Amy does not have a file.
contradiction	Jill's camera is white in colour.	Jill does not have a camera.
contradiction	Lawrence's tissue is brown in colour.	Lawrence does not have a tissue.
contradiction	Amy's banknote is crimson in colour.	Amy does not have a banknote.
contradiction	Alan's glass is yellow in colour.	Alan does not have a glass.
contradiction	Frances's lipstick is blue in colour.	Frances does not have a lipstick.
contradiction	Carol's scissor is blue in colour.	Carol does not have a scissor.
contradiction	Jennifer's mobile phone is maroon in colour.	Jennifer does not have a mobile phone.
contradiction	Nick's stamp is crimson in colour.	Nick does not have a stamp.
contradiction	Ashley's notebook is black in colour.	Ashley does not have a notebook.
contradiction	Lisa's case is blue in colour.	Lisa does not have a case.
contradiction	Marie's mobile phone is purple in colour.	Marie does not have a mobile phone.
contradiction	Henry's light bulb is yellow in colour.	Henry does not have a light bulb.
contradiction	Sam's purse is pink in colour.	Sam does not have a purse.
contradiction	Chris's identity card is brown in colour.	Chris does not have an identity card.
contradiction	Henry's clip is maroon in colour.	Henry does not have a clip.
contradiction	Emily's light bulb is grey in colour.	Emily does not have a light bulb.
contradiction	Janet's bottle is purple in colour.	Janet does not have a bottle.
contradiction	Ellen's pen is magenta in colour.	Ellen does not have a pen.
contradiction	Ann's laptop is black in colour.	Ann does not have a laptop.
contradiction	Joe's banknote is maroon in colour.	Joe does not have a banknote.
contradiction	Ian's brush is white in colour.	Ian does not have a brush.
contradiction	Lawrence's photo is purple in colour.	Lawrence does not have a photo.
contradiction	William's rubber is green in colour.	William does not have a rubber.
contradiction	Virginia's newspaper is blue in colour.	Virginia does not have a newspaper.
contradiction	Sophie's match is magenta in colour.	Sophie does not have a match.
contradiction	Howard's postcard is yellow in colour.	Howard does not have a postcard.
contradiction	Catherine's rubber is grey in colour.	Catherine does not have a rubber.
contradiction	Sam's mobile phone is white in colour.	Sam does not have a mobile phone.
contradiction	Cynthia's glass is yellow in colour.	Cynthia does not have a glass.
contradiction	Jerry's player is blue in colour.	Jerry does not have a player.
contradiction	Jeff's clip is blue in colour.	Jeff does not have a clip.
contradiction	Andrea's mirror is red in colour.	Andrea does not have a mirror.
contradiction	Kevin's bottle is brown in colour.	Kevin does not have a bottle.
contradiction	Mike's mirror is red in colour.	Mike does not have a mirror.
contradiction	Claire's umbrella is pink in colour.	Claire does not have an umbrella.
contradiction	Elizabeth's watch is blue in colour.	Elizabeth does not have a watch.
contradiction	John's bottle is magenta in colour.	John does not have a bottle.
contradiction	Catherine's car is purple in colour.	Catherine does not have a car.
contradiction	James's photo is purple in colour.	James does not have a photo.
contradiction	Jack's notebook is black in colour.	Jack does not have a notebook.
contradiction	Jason's case is crimson in colour.	Jason does not have a case.
contradiction	Amy's coin is grey in colour.	Amy does not have a coin.
contradiction	Daniel's newspaper is brown in colour.	Daniel does not have a newspaper.
contradiction	Michael's scissor is grey in colour.	Michael does not have a scissor.
contradiction	Frederick's bottle is red in colour.	Frederick does not have a bottle.
contradiction	Ron's player is maroon in colour.	Ron does not have a player.
contradiction	Margaret's camera is brown in colour.	Margaret does not have a camera.
contradiction	Matt's car is maroon in colour.	Matt does not have a car.
contradiction	Linda's pencil is yellow in colour.	Linda does not have a pencil.
contradiction	Kate's diary is yellow in colour.	Kate does not have a diary.
contradiction	Billy's mobile phone is grey in colour.	Billy does not have a mobile phone.
contradiction	Patrick's pen is yellow in colour.	Patrick does not have a pen.
contradiction	Gary's newspaper is red in colour.	Gary does not have a newspaper.
contradiction	Kim's newspaper is red in colour.	Kim does not have a newspaper.
contradiction	Karen's camera is pink in colour.	Karen does not have a camera.
contradiction	Sam's rubber is pink in colour.	Sam does not have a rubber.
contradiction	Ian's case is green in colour.	Ian does not have a case.
contradiction	Ian's credit card is brown in colour.	Ian does not have a credit card.
contradiction	Helen's battery is pink in colour.	Helen does not have a battery.
contradiction	Alison's toothbrush is yellow in colour.	Alison does not have a toothbrush.
contradiction	Rose's clip is green in colour.	Rose does not have a clip.
contradiction	James's newspaper is grey in colour.	James does not have a newspaper.
contradiction	Maria's bottle is purple in colour.	Maria does not have a bottle.
contradiction	Bruce's player is white in colour.	Bruce does not have a player.
contradiction	Mary's watch is blue in colour.	Mary does not have a watch.
contradiction	Alex's dictionary is red in colour.	Alex does not have a dictionary.
contradiction	Amy's banknote is magenta in colour.	Amy does not have a banknote.
contradiction	Leslie's brush is maroon in colour.	Leslie does not have a brush.
contradiction	Edith's comb is white in colour.	Edith does not have a comb.
contradiction	Albert's scissor is blue in colour.	Albert does not have a scissor.
contradiction	Helen's button is purple in colour.	Helen does not have a button.
contradiction	Hugh's headphone is white in colour.	Hugh does not have a headphone.
contradiction	Alice's pencil is pink in colour.	Alice does not have a pencil.
contradiction	Cynthia's coin is purple in colour.	Cynthia does not have a coin.
contradiction	Patricia's bottle is grey in colour.	Patricia does not have a bottle.
contradiction	Johnny's coin is white in colour.	Johnny does not have a coin.
contradiction	Keith's battery is crimson in colour.	Keith does not have a battery.
contradiction	Amanda's lipstick is magenta in colour.	Amanda does not have a lipstick.
contradiction	Keith's car is purple in colour.	Keith does not have a car.
contradiction	Evelyn's button is brown in colour.	Evelyn does not have a button.
contradiction	Steve's photo is black in colour.	Steve does not have a photo.
contradiction	Louis's alarm clock is magenta in colour.	Louis does not have an alarm clock.
contradiction	Henry's lighter is black in colour.	Henry does not have a lighter.
contradiction	Marie's diary is yellow in colour.	Marie does not have a diary.
contradiction	Kelly's photo is black in colour.	Kelly does not have a photo.
contradiction	Christine's bottle is maroon in colour.	Christine does not have a bottle.
contradiction	Barbara's light bulb is maroon in colour.	Barbara does not have a light bulb.
contradiction	Carl's pen is crimson in colour.	Carl does not have a pen.
contradiction	Paul's diary is crimson in colour.	Paul does not have a diary.
contradiction	Michelle's credit card is red in colour.	Michelle does not have a credit card.
contradiction	Ruth's purse is red in colour.	Ruth does not have a purse.
contradiction	William's button is black in colour.	William does not have a button.
contradiction	Katherine's mirror is grey in colour.	Katherine does not have a mirror.
contradiction	Walter's watch is grey in colour.	Walter does not have a watch.
contradiction	Daniel's lipstick is magenta in colour.	Daniel does not have a lipstick.
contradiction	Daniel's battery is red in colour.	Daniel does not have a battery.
contradiction	Joan's magazine is crimson in colour.	Joan does not have a magazine.
contradiction	Dave's pencil is red in colour.	Dave does not have a pencil.
contradiction	Tony's mobile phone is green in colour.	Tony does not have a mobile phone.
contradiction	Ralph's coin is purple in colour.	Ralph does not have a coin.
contradiction	Joseph's battery is black in colour.	Joseph does not have a battery.
contradiction	Roger's umbrella is magenta in colour.	Roger does not have an umbrella.
contradiction	Lucy's coin is brown in colour.	Lucy does not have a coin.
contradiction	Martha's camera is red in colour.	Martha does not have a camera.
contradiction	Grace's bottle is grey in colour.	Grace does not have a bottle.
contradiction	Deborah's tissue is pink in colour.	Deborah does not have a tissue.
contradiction	Stephanie's comb is black in colour.	Stephanie does not have a comb.
contradiction	Roy's pen is yellow in colour.	Roy does not have a pen.
contradiction	Ken's button is green in colour.	Ken does not have a button.
contradiction	Edith's stamp is magenta in colour.	Edith does not have a stamp.
contradiction	Louise's button is magenta in colour.	Louise does not have a button.
contradiction	John's laptop is black in colour.	John does not have a laptop.
contradiction	Jack's lipstick is green in colour.	Jack does not have a lipstick.
contradiction	Nicole's bottle is blue in colour.	Nicole does not have a bottle.
contradiction	Ruth's case is magenta in colour.	Ruth does not have a case.
contradiction	Tom's headphone is white in colour.	Tom does not have a headphone.
contradiction	Anne's scissor is white in colour.	Anne does not have a scissor.
contradiction	Louise's stamp is pink in colour.	Louise does not have a stamp.
contradiction	Samuel's wallet is black in colour.	Samuel does not have a wallet.
contradiction	Frances's banknote is white in colour.	Frances does not have a banknote.
contradiction	Sam's cigarette is blue in colour.	Sam does not have a cigarette.
contradiction	Robin's case is blue in colour.	Robin does not have a case.
contradiction	Donna's match is magenta in colour.	Donna does not have a match.
contradiction	Edward's diary is pink in colour.	Edward does not have a diary.
contradiction	Colin's lipstick is yellow in colour.	Colin does not have a lipstick.
contradiction	Florence's light bulb is brown in colour.	Florence does not have a light bulb.
contradiction	Albert's coin is green in colour.	Albert does not have a coin.
contradiction	Edward's lighter is black in colour.	Edward does not have a lighter.
contradiction	Claire's scissor is white in colour.	Claire does not have a scissor.
contradiction	Ray's bottle is white in colour.	Ray does not have a bottle.
contradiction	Charlotte's toothbrush is white in colour.	Charlotte does not have a toothbrush.
contradiction	Jack's identity card is green in colour.	Jack does not have an identity card.
contradiction	Samuel's coin is purple in colour.	Samuel does not have a coin.
contradiction	Frances's file is blue in colour.	Frances does not have a file.
contradiction	Donald's credit card is white in colour.	Donald does not have a credit card.
contradiction	Samuel's credit card is blue in colour.	Samuel does not have a credit card.
contradiction	Lynn's comb is yellow in colour.	Lynn does not have a comb.
contradiction	Angela's brush is pink in colour.	Angela does not have a brush.
contradiction	Frank's mobile phone is magenta in colour.	Frank does not have a mobile phone.
contradiction	Albert's postcard is crimson in colour.	Albert does not have a postcard.
contradiction	Christopher's mirror is purple in colour.	Christopher does not have a mirror.
contradiction	Jill's brush is magenta in colour.	Jill does not have a brush.
contradiction	Alexandra's dictionary is crimson in colour.	Alexandra does not have a dictionary.
contradiction	Julia's headphone is blue in colour.	Julia does not have a headphone.
contradiction	Katherine's postcard is grey in colour.	Katherine does not have a postcard.
contradiction	Dave's case is magenta in colour.	Dave does not have a case.
contradiction	Dorothy's light bulb is crimson in colour.	Dorothy does not have a light bulb.
contradiction	Emma's file is maroon in colour.	Emma does not have a file.
contradiction	Kate's case is maroon in colour.	Kate does not have a case.
contradiction	Dan's diary is green in colour.	Dan does not have a diary.
contradiction	Jean's pen is magenta in colour.	Jean does not have a pen.
contradiction	Patricia's case is blue in colour.	Patricia does not have a case.
contradiction	Sally's newspaper is yellow in colour.	Sally does not have a newspaper.
contradiction	Suzanne's scissor is brown in colour.	Suzanne does not have a scissor.
contradiction	Amy's clip is grey in colour.	Amy does not have a clip.
contradiction	Larry's car is magenta in colour.	Larry does not have a car.
contradiction	Alfred's banknote is white in colour.	Alfred does not have a banknote.
contradiction	Lauren's headphone is black in colour.	Lauren does not have a headphone.
contradiction	Jerry's brush is blue in colour.	Jerry does not have a brush.
contradiction	Michael's clip is crimson in colour.	Michael does not have a clip.
contradiction	Brian's pencil is pink in colour.	Brian does not have a pencil.
contradiction	Roy's light bulb is crimson in colour.	Roy does not have a light bulb.
contradiction	Frederick's camera is white in colour.	Frederick does not have a camera.
contradiction	Simon's file is black in colour.	Simon does not have a file.
contradiction	Dick's purse is pink in colour.	Dick does not have a purse.
contradiction	Lynn's case is pink in colour.	Lynn does not have a case.
contradiction	Judy's mobile phone is red in colour.	Judy does not have a mobile phone.
contradiction	Robin's glass is pink in colour.	Robin does not have a glass.
contradiction	Jim's stamp is crimson in colour.	Jim does not have a stamp.
contradiction	Stephanie's file is maroon in colour.	Stephanie does not have a file.
contradiction	Fred's purse is white in colour.	Fred does not have a purse.
contradiction	Ed's laptop is green in colour.	Ed does not have a laptop.
contradiction	Ashley's clip is blue in colour.	Ashley does not have a clip.
contradiction	Ryan's postcard is grey in colour.	Ryan does not have a postcard.
contradiction	Bill's comb is brown in colour.	Bill does not have a comb.
contradiction	William's brush is blue in colour.	William does not have a brush.
contradiction	Annie's magazine is black in colour.	Annie does not have a magazine.
contradiction	Alison's button is brown in colour.	Alison does not have a button.
contradiction	Lynn's stamp is grey in colour.	Lynn does not have a stamp.
contradiction	Wendy's file is green in colour.	Wendy does not have a file.
contradiction	Barbara's credit card is black in colour.	Barbara does not have a credit card.
contradiction	Joan's file is grey in colour.	Joan does not have a file.
contradiction	Frederick's photo is yellow in colour.	Frederick does not have a photo.
contradiction	Mary's bottle is grey in colour.	Mary does not have a bottle.
contradiction	Heather's watch is black in colour.	Heather does not have a watch.
contradiction	Sarah's laptop is pink in colour.	Sarah does not have a laptop.
contradiction	Edith's mobile phone is magenta in colour.	Edith does not have a mobile phone.
contradiction	Hugh's photo is maroon in colour.	Hugh does not have a photo.
contradiction	Kim's stamp is pink in colour.	Kim does not have a stamp.
contradiction	Eric's coin is red in colour.	Eric does not have a coin.
contradiction	John's dictionary is yellow in colour.	John does not have a dictionary.
contradiction	Patricia's rubber is pink in colour.	Patricia does not have a rubber.
contradiction	Arthur's lighter is red in colour.	Arthur does not have a lighter.
contradiction	Ralph's purse is brown in colour.	Ralph does not have a purse.
contradiction	Amy's camera is magenta in colour.	Amy does not have a camera.
contradiction	Al's light bulb is blue in colour.	Al does not have a light bulb.
contradiction	Dorothy's alarm clock is crimson in colour.	Dorothy does not have an alarm clock.
contradiction	Ben's tissue is white in colour.	Ben does not have a tissue.
contradiction	Chris's brush is green in colour.	Chris does not have a brush.
contradiction	Melissa's rubber is maroon in colour.	Melissa does not have a rubber.
contradiction	Amanda's file is red in colour.	Amanda does not have a file.
contradiction	Kate's watch is red in colour.	Kate does not have a watch.
contradiction	Julie's file is red in colour.	Julie does not have a file.
contradiction	Samuel's comb is black in colour.	Samuel does not have a comb.
contradiction	Benjamin's brush is red in colour.	Benjamin does not have a brush.
contradiction	Diane's dictionary is purple in colour.	Diane does not have a dictionary.
contradiction	Jane's umbrella is white in colour.	Jane does not have an umbrella.
contradiction	Frances's case is magenta in colour.	Frances does not have a case.
contradiction	Brian's file is maroon in colour.	Brian does not have a file.
contradiction	Bill's match is white in colour.	Bill does not have a match.
contradiction	Grace's rubber is maroon in colour.	Grace does not have a rubber.
contradiction	Scott's magazine is black in colour.	Scott does not have a magazine.
contradiction	Samuel's match is white in colour.	Samuel does not have a match.
contradiction	Melissa's light bulb is maroon in colour.	Melissa does not have a light bulb.
contradiction	Matthew's brush is grey in colour.	Matthew does not have a brush.
contradiction	Bruce's file is maroon in colour.	Bruce does not have a file.
contradiction	Ryan's coin is grey in colour.	Ryan does not have a coin.
contradiction	Michelle's toothbrush is maroon in colour.	Michelle does not have a toothbrush.
contradiction	Mike's diary is white in colour.	Mike does not have a diary.
contradiction	Elizabeth's credit card is purple in colour.	Elizabeth does not have a credit card.
contradiction	Samuel's bottle is maroon in colour.	Samuel does not have a bottle.
contradiction	William's postcard is black in colour.	William does not have a postcard.
contradiction	Heather's match is brown in colour.	Heather does not have a match.
contradiction	Bob's headphone is magenta in colour.	Bob does not have a headphone.
contradiction	Martha's case is maroon in colour.	Martha does not have a case.
contradiction	Alexander's match is brown in colour.	Alexander does not have a match.
contradiction	Jonathan's wallet is magenta in colour.	Jonathan does not have a wallet.
contradiction	Steven's bottle is black in colour.	Steven does not have a bottle.
contradiction	Robin's player is brown in colour.	Robin does not have a player.
contradiction	Louis's identity card is grey in colour.	Louis does not have an identity card.
contradiction	Frederick's mobile phone is maroon in colour.	Frederick does not have a mobile phone.
contradiction	Howard's purse is white in colour.	Howard does not have a purse.
contradiction	Susan's tissue is red in colour.	Susan does not have a tissue.
contradiction	Fiona's toothbrush is yellow in colour.	Fiona does not have a toothbrush.
contradiction	Jennifer's identity card is magenta in colour.	Jennifer does not have an identity card.
contradiction	Martha's lighter is crimson in colour.	Martha does not have a lighter.
contradiction	Kate's watch is grey in colour.	Kate does not have a watch.
contradiction	Johnny's comb is green in colour.	Johnny does not have a comb.
contradiction	William's lipstick is pink in colour.	William does not have a lipstick.
contradiction	Edwin's newspaper is green in colour.	Edwin does not have a newspaper.
contradiction	Caroline's case is blue in colour.	Caroline does not have a case.
contradiction	Marie's tissue is green in colour.	Marie does not have a tissue.
contradiction	Michael's mobile phone is white in colour.	Michael does not have a mobile phone.
contradiction	Anthony's car is red in colour.	Anthony does not have a car.
contradiction	Victoria's brush is magenta in colour.	Victoria does not have a brush.
contradiction	Marie's diary is red in colour.	Marie does not have a diary.
contradiction	Billy's magazine is grey in colour.	Billy does not have a magazine.
contradiction	Frederick's tissue is black in colour.	Frederick does not have a tissue.
contradiction	Jimmy's watch is yellow in colour.	Jimmy does not have a watch.
contradiction	Harriet's lighter is black in colour.	Harriet does not have a lighter.
contradiction	Ann's laptop is maroon in colour.	Ann does not have a laptop.
contradiction	Michelle's watch is blue in colour.	Michelle does not have a watch.
contradiction	Frank's mirror is maroon in colour.	Frank does not have a mirror.
contradiction	Patrick's coin is green in colour.	Patrick does not have a coin.
contradiction	Alan's credit card is black in colour.	Alan does not have a credit card.
contradiction	Sara's cigarette is grey in colour.	Sara does not have a cigarette.
contradiction	Benjamin's cigarette is brown in colour.	Benjamin does not have a cigarette.
contradiction	Mark's file is magenta in colour.	Mark does not have a file.
contradiction	Diane's mirror is pink in colour.	Diane does not have a mirror.
contradiction	Colin's player is purple in colour.	Colin does not have a player.
contradiction	Albert's bottle is maroon in colour.	Albert does not have a bottle.
contradiction	Joseph's alarm clock is brown in colour.	Joseph does not have an alarm clock.
contradiction	Robin's diary is maroon in colour.	Robin does not have a diary.
contradiction	Janet's camera is yellow in colour.	Janet does not have a camera.
contradiction	Claire's umbrella is brown in colour.	Claire does not have an umbrella.
contradiction	Lisa's match is purple in colour.	Lisa does not have a match.
contradiction	Edwin's postcard is blue in colour.	Edwin does not have a postcard.
contradiction	Henry's headphone is purple in colour.	Henry does not have a headphone.
contradiction	Lynn's lipstick is blue in colour.	Lynn does not have a lipstick.
contradiction	Peter's light bulb is blue in colour.	Peter does not have a light bulb.
contradiction	Emily's camera is red in colour.	Emily does not have a camera.
contradiction	Lawrence's headphone is magenta in colour.	Lawrence does not have a headphone.
contradiction	William's watch is grey in colour.	William does not have a watch.
contradiction	Patrick's umbrella is black in colour.	Patrick does not have an umbrella.
contradiction	Benjamin's diary is red in colour.	Benjamin does not have a diary.
contradiction	Roy's rubber is green in colour.	Roy does not have a rubber.
contradiction	Jane's car is brown in colour.	Jane does not have a car.
contradiction	Victoria's magazine is red in colour.	Victoria does not have a magazine.
contradiction	Amanda's bottle is pink in colour.	Amanda does not have a bottle.
contradiction	Charlotte's notebook is red in colour.	Charlotte does not have a notebook.
contradiction	Chris's headphone is grey in colour.	Chris does not have a headphone.
contradiction	Caroline's photo is black in colour.	Caroline does not have a photo.
contradiction	Jennifer's tissue is green in colour.	Jennifer does not have a tissue.
contradiction	Grace's match is green in colour.	Grace does not have a match.
contradiction	Johnny's button is white in colour.	Johnny does not have a button.
contradiction	Elaine's coin is white in colour.	Elaine does not have a coin.
